years.col.10km	dev.tmp	lat	mat.10yr
PA_1_WW_01_D_calibrated	16	15.5191	50.70228	9.58559
PA_1_WW_02_D_calibrated	16	15.5191	50.70228	9.58559
PA_1_WW_03_D_calibrated	16	15.5191	50.70228	9.58559
PA_1_WW_04_D_calibrated	16	15.5191	50.70228	9.58559
PA_1_WW_05_D_calibrated	16	15.5191	50.70228	9.58559
PA_1_WW_06_D_calibrated	16	15.5191	50.70228	9.58559
PA_1_WW_07_D_calibrated	16	15.5191	50.70228	9.58559
PA_1_WW_08_D_calibrated	16	15.5191	50.70228	9.58559
PA_1_WW_09_D_calibrated	16	15.5191	50.70228	9.58559
PA_1_WW_10_D_calibrated	16	15.5191	50.70228	9.58559
PA_1_WW_11_D_calibrated	16	15.5191	50.70228	9.58559
PA_1_WW_12_D_calibrated	16	15.5191	50.70228	9.58559
PA_1_WW_13_D_calibrated	16	15.5191	50.70228	9.58559
PA_1_WW_14_D_calibrated	16	15.5191	50.70228	9.58559
PA_1_WW_15_D_calibrated	16	15.5191	50.70228	9.58559
PA_1_WW_16_D_calibrated	16	15.5191	50.70228	9.58559
PA_1_WW_17_D_calibrated	16	15.5191	50.70228	9.58559
PA_1_WW_18_D_calibrated	16	15.5191	50.70228	9.58559
PA_1_WW_19_D_calibrated	16	15.5191	50.70228	9.58559
PA_1_WW_20_D_calibrated	16	15.5191	50.70228	9.58559
PA_3_MH_01_D_calibrated	18	17.45418	51.820673	10.42412
PA_3_MH_02_D_calibrated	18	17.45418	51.820673	10.42412
PA_3_MH_03_D_calibrated	18	17.45418	51.820673	10.42412
PA_3_MH_04_D_calibrated	18	17.45418	51.820673	10.42412
PA_3_MH_05_D_calibrated	18	17.45418	51.820673	10.42412
PA_3_MH_06_D_calibrated	18	17.45418	51.820673	10.42412
PA_3_MH_07_D_calibrated	18	17.45418	51.820673	10.42412
PA_3_MH_08_D_calibrated	18	17.45418	51.820673	10.42412
PA_3_MH_09_D_calibrated	18	17.45418	51.820673	10.42412
PA_3_MH_10_D_calibrated	18	17.45418	51.820673	10.42412
PA_3_MH_11_D_calibrated	18	17.45418	51.820673	10.42412
PA_3_MH_12_D_calibrated	18	17.45418	51.820673	10.42412
PA_3_MH_13_D_calibrated	18	17.45418	51.820673	10.42412
PA_3_MH_14_D_calibrated	18	17.45418	51.820673	10.42412
PA_3_MH_15_D_calibrated	18	17.45418	51.820673	10.42412
PA_3_MH_16_D_calibrated	18	17.45418	51.820673	10.42412
PA_3_MH_18_D_calibrated	18	17.45418	51.820673	10.42412
PA_4_RCHP_01_D_calibrated	15	17.46335	51.836213	10.81916
PA_4_RCHP_02_D_calibrated	15	17.46335	51.836213	10.81916
PA_4_RCHP_03_D_calibrated	15	17.46335	51.836213	10.81916
PA_4_RCHP_04_D_calibrated	15	17.46335	51.836213	10.81916
PA_4_RCHP_05_D_calibrated	15	17.46335	51.836213	10.81916
PA_4_RCHP_06_D_calibrated	15	17.46335	51.836213	10.81916
PA_4_RCHP_07_D_calibrated	15	17.46335	51.836213	10.81916
PA_4_RCHP_08_D_calibrated	15	17.46335	51.836213	10.81916
PA_4_RCHP_09_D_calibrated	15	17.46335	51.836213	10.81916
PA_4_RCHP_10_D_calibrated	15	17.46335	51.836213	10.81916
PA_4_RCHP_11_D_calibrated	15	17.46335	51.836213	10.81916
PA_4_RCHP_12_D_calibrated	15	17.46335	51.836213	10.81916
PA_4_RCHP_13_D_calibrated	15	17.46335	51.836213	10.81916
PA_4_RCHP_14_D_calibrated	15	17.46335	51.836213	10.81916
PA_4_RCHP_15_D_calibrated	15	17.46335	51.836213	10.81916
PA_4_RCHP_16_D_calibrated	15	17.46335	51.836213	10.81916
PA_4_RCHP_17_D_calibrated	15	17.46335	51.836213	10.81916
PA_4_RCHP_18_D_calibrated	15	17.46335	51.836213	10.81916
PA_4_RCHP_19_D_calibrated	15	17.46335	51.836213	10.81916
PA_4_RCHP_20_D_calibrated	15	17.46335	51.836213	10.81916
PA_5_Ferm_01_D_calibrated	19	12.73546	52.458933	9.8592
PA_5_Ferm_02_D_calibrated	19	12.73546	52.458933	9.8592
PA_5_Ferm_03_D_calibrated	19	12.73546	52.458933	9.8592
PA_5_Ferm_04_D_calibrated	19	12.73546	52.458933	9.8592
PA_5_Ferm_05_D_calibrated	19	12.73546	52.458933	9.8592
PA_5_Ferm_06_D_calibrated	19	12.73546	52.458933	9.8592
PA_5_Ferm_07_D_calibrated	19	12.73546	52.458933	9.8592
PA_5_Ferm_08_D_calibrated	19	12.73546	52.458933	9.8592
PA_5_Ferm_09_D_calibrated	19	12.73546	52.458933	9.8592
PA_5_Ferm_10_D_calibrated	19	12.73546	52.458933	9.8592
PA_5_Ferm_11_D_calibrated	19	12.73546	52.458933	9.8592
PA_5_Ferm_12_D_calibrated	19	12.73546	52.458933	9.8592
PA_5_Ferm_13_D_calibrated	19	12.73546	52.458933	9.8592
PA_5_Ferm_14_D_calibrated	19	12.73546	52.458933	9.8592
PA_5_Ferm_15_D_calibrated	19	12.73546	52.458933	9.8592
PA_5_Ferm_16_D_calibrated	19	12.73546	52.458933	9.8592
PA_5_Ferm_17_D_calibrated	19	12.73546	52.458933	9.8592
PA_5_Ferm_18_D_calibrated	19	12.73546	52.458933	9.8592
PA_5_Ferm_19_D_calibrated	19	12.73546	52.458933	9.8592
PA_5_Ferm_20_D_calibrated	19	12.73546	52.458933	9.8592
PA_6_Fox_01_D_calibrated	20	15.69718	52.76478	10.21137
PA_6_Fox_02_D_calibrated	20	15.69718	52.76478	10.21137
PA_6_Fox_03_D_calibrated	20	15.69718	52.76478	10.21137
PA_6_Fox_04_D_calibrated	20	15.69718	52.76478	10.21137
PA_6_Fox_05_D_calibrated	20	15.69718	52.76478	10.21137
PA_6_Fox_06_D_calibrated	20	15.69718	52.76478	10.21137
PA_6_Fox_07_D_calibrated	20	15.69718	52.76478	10.21137
PA_6_Fox_08_D_calibrated	20	15.69718	52.76478	10.21137
PA_6_Fox_09_D_calibrated	20	15.69718	52.76478	10.21137
PA_6_Fox_10_D_calibrated	20	15.69718	52.76478	10.21137
PA_6_Fox_11_D_calibrated	20	15.69718	52.76478	10.21137
PA_6_Fox_12_D_calibrated	20	15.69718	52.76478	10.21137
PA_6_Fox_13_D_calibrated	20	15.69718	52.76478	10.21137
PA_6_Fox_14_D_calibrated	20	15.69718	52.76478	10.21137
PA_6_Fox_15_D_calibrated	20	15.69718	52.76478	10.21137
PA_6_Fox_16_D_calibrated	20	15.69718	52.76478	10.21137
PA_6_Fox_17_D_calibrated	20	15.69718	52.76478	10.21137
PA_6_Fox_18_D_calibrated	20	15.69718	52.76478	10.21137
PA_6_Fox_19_D_calibrated	20	15.69718	52.76478	10.21137
PA_6_Fox_20_D_calibrated	20	15.69718	52.76478	10.21137
PA_7_CA_01_D_calibrated	14	17.21253	52.783543	9.78285
PA_7_CA_02_D_calibrated	14	17.21253	52.783543	9.78285
PA_7_CA_03_D_calibrated	14	17.21253	52.783543	9.78285
PA_7_CA_04_D_calibrated	14	17.21253	52.783543	9.78285
PA_7_CA_05_D_calibrated	14	17.21253	52.783543	9.78285
PA_7_CA_06_D_calibrated	14	17.21253	52.783543	9.78285
PA_7_CA_07_D_calibrated	14	17.21253	52.783543	9.78285
PA_7_CA_08_D_calibrated	14	17.21253	52.783543	9.78285
PA_7_CA_09_D_calibrated	14	17.21253	52.783543	9.78285
PA_7_CA_10_D_calibrated	14	17.21253	52.783543	9.78285
PA_7_CA_11_D_calibrated	14	17.21253	52.783543	9.78285
PA_7_CA_12_D_calibrated	14	17.21253	52.783543	9.78285
PA_7_CA_13_D_calibrated	14	17.21253	52.783543	9.78285
PA_7_CA_14_D_calibrated	14	17.21253	52.783543	9.78285
PA_7_CA_15_D_calibrated	14	17.21253	52.783543	9.78285
PA_7_CA_16_D_calibrated	14	17.21253	52.783543	9.78285
PA_7_CA_17_D_calibrated	14	17.21253	52.783543	9.78285
PA_7_CA_18_D_calibrated	14	17.21253	52.783543	9.78285
PA_7_CA_19_D_calibrated	14	17.21253	52.783543	9.78285
PA_7_CA_20_D_calibrated	14	17.21253	52.783543	9.78285
PA_8_RW_01_D_calibrated	11	15.29833	54.235261	9.69507
PA_8_RW_02_D_calibrated	11	15.29833	54.235261	9.69507
PA_8_RW_03_D_calibrated	11	15.29833	54.235261	9.69507
PA_8_RW_04_D_calibrated	11	15.29833	54.235261	9.69507
PA_8_RW_05_D_calibrated	11	15.29833	54.235261	9.69507
PA_8_RW_06_D_calibrated	11	15.29833	54.235261	9.69507
PA_8_RW_07_D_calibrated	11	15.29833	54.235261	9.69507
PA_8_RW_08_D_calibrated	11	15.29833	54.235261	9.69507
PA_8_RW_09_D_calibrated	11	15.29833	54.235261	9.69507
PA_8_RW_10_D_calibrated	11	15.29833	54.235261	9.69507
PA_9_WC_01_D_calibrated	10	17.63982	53.653644	10.33386
PA_9_WC_02_D_calibrated	10	17.63982	53.653644	10.33386
PA_9_WC_03_D_calibrated	10	17.63982	53.653644	10.33386
PA_9_WC_04_D_calibrated	10	17.63982	53.653644	10.33386
PA_9_WC_05_D_calibrated	10	17.63982	53.653644	10.33386
PA_9_WC_06_D_calibrated	10	17.63982	53.653644	10.33386
PA_9_WC_07_D_calibrated	10	17.63982	53.653644	10.33386
PA_9_WC_08_D_calibrated	10	17.63982	53.653644	10.33386
PA_9_WC_09_D_calibrated	10	17.63982	53.653644	10.33386
PA_9_WC_10_D_calibrated	10	17.63982	53.653644	10.33386
PA_9_WC_11_D_calibrated	10	17.63982	53.653644	10.33386
PA_9_WC_12_D_calibrated	10	17.63982	53.653644	10.33386
PA_9_WC_13_D_calibrated	10	17.63982	53.653644	10.33386
PA_9_WC_14_D_calibrated	10	17.63982	53.653644	10.33386
PA_9_WC_15_D_calibrated	10	17.63982	53.653644	10.33386
PA_9b_HPW_01_D_calibrated	10	17.29256	53.631296	10.00503
PA_9b_HPW_02_D_calibrated	10	17.29256	53.631296	10.00503
PA_9b_HPW_03_D_calibrated	10	17.29256	53.631296	10.00503
PA_9b_HPW_04_D_calibrated	10	17.29256	53.631296	10.00503
PA_9b_HPW_05_D_calibrated	10	17.29256	53.631296	10.00503
PA_9b_HPW_07_D_calibrated	10	17.29256	53.631296	10.00503
PA_9b_HPW_08_D_calibrated	10	17.29256	53.631296	10.00503
PA_9b_HPW_09_D_calibrated	10	17.29256	53.631296	10.00503
PA_9b_HPW_10_D_calibrated	10	17.29256	53.631296	10.00503
PA_9b_HPW_11_D_calibrated	10	17.29256	53.631296	10.00503
PA_9b_HPW_12_D_calibrated	10	17.29256	53.631296	10.00503
PA_9b_HPW_13_D_calibrated	10	17.29256	53.631296	10.00503
PA_9b_HPW_14_D_calibrated	10	17.29256	53.631296	10.00503
PA_9b_HPW_15_D_calibrated	10	17.29256	53.631296	10.00503
PA_10_HRC_01_D_calibrated	11	15.45996	54.190345	8.94455
PA_10_HRC_02_D_calibrated	11	15.45996	54.190345	8.94455
PA_10_HRC_03_D_calibrated	11	15.45996	54.190345	8.94455
PA_10_HRC_04_D_calibrated	11	15.45996	54.190345	8.94455
PA_10_HRC_05_D_calibrated	11	15.45996	54.190345	8.94455
PA_10_HRC_06_D_calibrated	11	15.45996	54.190345	8.94455
PA_10_HRC_07_D_calibrated	11	15.45996	54.190345	8.94455
PA_10_HRC_08_D_calibrated	11	15.45996	54.190345	8.94455
PA_10_HRC_09_D_calibrated	11	15.45996	54.190345	8.94455
PA_10_HRC_11_D_calibrated	11	15.45996	54.190345	8.94455
PA_10_HRC_12_D_calibrated	11	15.45996	54.190345	8.94455
PA_10_HRC_13_D_calibrated	11	15.45996	54.190345	8.94455
PA_10_HRC_14_D_calibrated	11	15.45996	54.190345	8.94455
PA_10_HRC_15_D_calibrated	11	15.45996	54.190345	8.94455
PA_10_HRC_16_D_calibrated	11	15.45996	54.190345	8.94455
PA_10_HRC_17_D_calibrated	11	15.45996	54.190345	8.94455
PA_10_HRC_18_D_calibrated	11	15.45996	54.190345	8.94455
PA_10_HRC_19_D_calibrated	11	15.45996	54.190345	8.94455
PA_10_HRC_20_D_calibrated	11	15.45996	54.190345	8.94455
PA_11_ARW_01_D_calibrated	5	15.03066	54.257506	9.24145
PA_11_ARW_02_D_calibrated	5	15.03066	54.257506	9.24145
PA_11_ARW_03_D_calibrated	5	15.03066	54.257506	9.24145
PA_11_ARW_04_D_calibrated	5	15.03066	54.257506	9.24145
PA_11_ARW_05_D_calibrated	5	15.03066	54.257506	9.24145
PA_11_ARW_06_D_calibrated	5	15.03066	54.257506	9.24145
PA_11_ARW_07_D_calibrated	5	15.03066	54.257506	9.24145
PA_11_ARW_08_D_calibrated	5	15.03066	54.257506	9.24145
PA_11_ARW_09_D_calibrated	5	15.03066	54.257506	9.24145
PA_11_ARW_10_D_calibrated	5	15.03066	54.257506	9.24145
PA_11_ARW_11_D_calibrated	5	15.03066	54.257506	9.24145
PA_11_ARW_13_D_calibrated	5	15.03066	54.257506	9.24145
PA_11_ARW_14_D_calibrated	5	15.03066	54.257506	9.24145
PA_11_ARW_16_D_calibrated	5	15.03066	54.257506	9.24145
PA_11_ARW_17_D_calibrated	5	15.03066	54.257506	9.24145
PA_11_ARW_18_D_calibrated	5	15.03066	54.257506	9.24145
PA_11_ARW_19_D_calibrated	5	15.03066	54.257506	9.24145
PA_11_ARW_20_D_calibrated	5	15.03066	54.257506	9.24145
PA_13_CM_01_D_calibrated	4	15.44202	54.624693	8.82433
PA_13_CM_02_D_calibrated	4	15.44202	54.624693	8.82433
PA_13_CM_03_D_calibrated	4	15.44202	54.624693	8.82433
PA_13_CM_04_D_calibrated	4	15.44202	54.624693	8.82433
PA_13_CM_05_D_calibrated	4	15.44202	54.624693	8.82433
PA_13_CM_06_D_calibrated	4	15.44202	54.624693	8.82433
PA_13_CM_07_D_calibrated	4	15.44202	54.624693	8.82433
PA_13_CM_08_D_calibrated	4	15.44202	54.624693	8.82433
PA_13_CM_09_D_calibrated	4	15.44202	54.624693	8.82433
PA_13_CM_10_D_calibrated	4	15.44202	54.624693	8.82433
PA_13_CM_11_D_calibrated	4	15.44202	54.624693	8.82433
PA_13_CM_12_D_calibrated	4	15.44202	54.624693	8.82433
PA_13_CM_13_D_calibrated	4	15.44202	54.624693	8.82433
PA_13_CM_14_D_calibrated	4	15.44202	54.624693	8.82433
PA_13_CM_15_D_calibrated	4	15.44202	54.624693	8.82433
PA_13_CM_16_D_calibrated	4	15.44202	54.624693	8.82433
PA_13_CM_17_D_calibrated	4	15.44202	54.624693	8.82433
PA_13_CM_18_D_calibrated	4	15.44202	54.624693	8.82433
PA_13_CM_19_D_calibrated	4	15.44202	54.624693	8.82433
PA_13_CM_20_D_calibrated	4	15.44202	54.624693	8.82433
PA_14_WLW_01_D_calibrated	7	15.44387	54.67831	9.25651
PA_14_WLW_02_D_calibrated	7	15.44387	54.67831	9.25651
PA_14_WLW_03_D_calibrated	7	15.44387	54.67831	9.25651
PA_14_WLW_04_D_calibrated	7	15.44387	54.67831	9.25651
PA_14_WLW_05_D_calibrated	7	15.44387	54.67831	9.25651
PA_14_WLW_06_D_calibrated	7	15.44387	54.67831	9.25651
PA_14_WLW_07_D_calibrated	7	15.44387	54.67831	9.25651
PA_14_WLW_08_D_calibrated	7	15.44387	54.67831	9.25651
PA_14_WLW_09_D_calibrated	7	15.44387	54.67831	9.25651
PA_14_WLW_10_D_calibrated	7	15.44387	54.67831	9.25651
PA_14_WLW_11_D_calibrated	7	15.44387	54.67831	9.25651
PA_14_WLW_12_D_calibrated	7	15.44387	54.67831	9.25651
PA_14_WLW_13_D_calibrated	7	15.44387	54.67831	9.25651
PA_14_WLW_14_D_calibrated	7	15.44387	54.67831	9.25651
PA_14_WLW_15_D_calibrated	7	15.44387	54.67831	9.25651
PA_14_WLW_16_D_calibrated	7	15.44387	54.67831	9.25651
PA_14_WLW_17_D_calibrated	7	15.44387	54.67831	9.25651
PA_14_WLW_18_D_calibrated	7	15.44387	54.67831	9.25651
PA_14_WLW_19_D_calibrated	7	15.44387	54.67831	9.25651
PA_14_WLW_20_D_calibrated	7	15.44387	54.67831	9.25651
PA_15_SodG_01_D_calibrated	4	11.84676	54.678997	9.33088
PA_15_SodG_02_D_calibrated	4	11.84676	54.678997	9.33088
PA_15_SodG_03_D_calibrated	4	11.84676	54.678997	9.33088
PA_15_SodG_04_D_calibrated	4	11.84676	54.678997	9.33088
PA_15_SodG_05_D_calibrated	4	11.84676	54.678997	9.33088
PA_15_SodG_06_D_calibrated	4	11.84676	54.678997	9.33088
PA_15_SodG_07_D_calibrated	4	11.84676	54.678997	9.33088
PA_15_SodG_08_D_calibrated	4	11.84676	54.678997	9.33088
PA_15_SodG_09_D_calibrated	4	11.84676	54.678997	9.33088
PA_15_SodG_10_D_calibrated	4	11.84676	54.678997	9.33088
PA_15_SodG_11_D_calibrated	4	11.84676	54.678997	9.33088
PA_15_SodG_12_D_calibrated	4	11.84676	54.678997	9.33088
PA_15_SodG_13_D_calibrated	4	11.84676	54.678997	9.33088
PA_15_SodG_14_D_calibrated	4	11.84676	54.678997	9.33088
PA_15_SodG_15_D_calibrated	4	11.84676	54.678997	9.33088
PA_15_SodG_16_D_calibrated	4	11.84676	54.678997	9.33088
PA_15_SodG_17_D_calibrated	4	11.84676	54.678997	9.33088
PA_15_SodG_18_D_calibrated	4	11.84676	54.678997	9.33088
PA_15_SodG_19_D_calibrated	4	11.84676	54.678997	9.33088
PA_15_SodG_20_D_calibrated	4	11.84676	54.678997	9.33088
PA_16_L_01_D_calibrated	3	14.87598	54.949076	8.3532
PA_16_L_02_D_calibrated	3	14.87598	54.949076	8.3532
PA_16_L_04_D_calibrated	3	14.87598	54.949076	8.3532
PA_16_L_05_D_calibrated	3	14.87598	54.949076	8.3532
PA_16_L_06_D_calibrated	3	14.87598	54.949076	8.3532
PA_16_L_07_D_calibrated	3	14.87598	54.949076	8.3532
PA_16_L_08_D_calibrated	3	14.87598	54.949076	8.3532
PA_16_L_09_D_calibrated	3	14.87598	54.949076	8.3532
PA_16_L_10_D_calibrated	3	14.87598	54.949076	8.3532
PA_17_ACW_01_D_calibrated	5	15.80277	55.19456	9.80795
PA_17_ACW_02_D_calibrated	5	15.80277	55.19456	9.80795
PA_17_ACW_03_D_calibrated	5	15.80277	55.19456	9.80795
PA_17_ACW_04_D_calibrated	5	15.80277	55.19456	9.80795
PA_17_ACW_05_D_calibrated	5	15.80277	55.19456	9.80795
PA_17_ACW_06_D_calibrated	5	15.80277	55.19456	9.80795
PA_17_ACW_07_D_calibrated	5	15.80277	55.19456	9.80795
PA_17_ACW_08_D_calibrated	5	15.80277	55.19456	9.80795
PA_17_ACW_09_D_calibrated	5	15.80277	55.19456	9.80795
PA_17_ACW_10_D_calibrated	5	15.80277	55.19456	9.80795
PA_17_ACW_11_D_calibrated	5	15.80277	55.19456	9.80795
PA_17_ACW_12_D_calibrated	5	15.80277	55.19456	9.80795
PA_17_ACW_13_D_calibrated	5	15.80277	55.19456	9.80795
PA_17_ACW_14_D_calibrated	5	15.80277	55.19456	9.80795
PA_17_ACW_15_D_calibrated	5	15.80277	55.19456	9.80795
PA_17_ACW_16_D_calibrated	5	15.80277	55.19456	9.80795
PA_17_ACW_17_D_calibrated	5	15.80277	55.19456	9.80795
PA_17_ACW_18_D_calibrated	5	15.80277	55.19456	9.80795
PA_17_ACW_19_D_calibrated	5	15.80277	55.19456	9.80795
PA_17_ACW_20_D_calibrated	5	15.80277	55.19456	9.80795
PA_18_Garl_01_D_calibrated	1	15.43651	54.791978	9.5984
PA_18_Garl_02_D_calibrated	1	15.43651	54.791978	9.5984
PA_18_Garl_03_D_calibrated	1	15.43651	54.791978	9.5984
PA_18_Garl_04_D_calibrated	1	15.43651	54.791978	9.5984
PA_18_Garl_05_D_calibrated	1	15.43651	54.791978	9.5984
PA_18_Garl_06_D_calibrated	1	15.43651	54.791978	9.5984
PA_18_Garl_07_D_calibrated	1	15.43651	54.791978	9.5984
PA_18_Garl_08_D_calibrated	1	15.43651	54.791978	9.5984
PA_18_Garl_09_D_calibrated	1	15.43651	54.791978	9.5984
PA_18_Garl_10_D_calibrated	1	15.43651	54.791978	9.5984
PA_19_CCP_01_D_calibrated	4	15.31419	55.34981	9.81332
PA_19_CCP_02_D_calibrated	4	15.31419	55.34981	9.81332
PA_19_CCP_03_D_calibrated	4	15.31419	55.34981	9.81332
PA_19_CCP_04_D_calibrated	4	15.31419	55.34981	9.81332
PA_19_CCP_05_D_calibrated	4	15.31419	55.34981	9.81332
PA_19_CCP_06_D_calibrated	4	15.31419	55.34981	9.81332
PA_19_CCP_07_D_calibrated	4	15.31419	55.34981	9.81332
PA_19_CCP_08_D_calibrated	4	15.31419	55.34981	9.81332
PA_19_CCP_09_D_calibrated	4	15.31419	55.34981	9.81332
PA_19_CCP_10_D_calibrated	4	15.31419	55.34981	9.81332
PA_19_CCP_11_D_calibrated	4	15.31419	55.34981	9.81332
PA_19_CCP_12_D_calibrated	4	15.31419	55.34981	9.81332
PA_19_CCP_13_D_calibrated	4	15.31419	55.34981	9.81332
PA_19_CCP_14_D_calibrated	4	15.31419	55.34981	9.81332
PA_19_CCP_15_D_calibrated	4	15.31419	55.34981	9.81332
PA_19_CCP_16_D_calibrated	4	15.31419	55.34981	9.81332
PA_19_CCP_17_D_calibrated	4	15.31419	55.34981	9.81332
PA_19_CCP_18_D_calibrated	4	15.31419	55.34981	9.81332
PA_19_CCP_19_D_calibrated	4	15.31419	55.34981	9.81332
PA_19_CCP_20_D_calibrated	4	15.31419	55.34981	9.81332
PA_20_EM_01_D_calibrated	4	13.69809	55.856552	9.0727
PA_20_EM_02_D_calibrated	4	13.69809	55.856552	9.0727
PA_20_EM_03_D_calibrated	4	13.69809	55.856552	9.0727
PA_20_EM_04_D_calibrated	4	13.69809	55.856552	9.0727
PA_20_EM_05_D_calibrated	4	13.69809	55.856552	9.0727
PA_20_EM_06_D_calibrated	4	13.69809	55.856552	9.0727
PA_20_EM_07_D_calibrated	4	13.69809	55.856552	9.0727
PA_20_EM_08_D_calibrated	4	13.69809	55.856552	9.0727
PA_20_EM_09_D_calibrated	4	13.69809	55.856552	9.0727
PA_20_EM_10_D_calibrated	4	13.69809	55.856552	9.0727
PA_20_EM_11_D_calibrated	4	13.69809	55.856552	9.0727
PA_20_EM_12_D_calibrated	4	13.69809	55.856552	9.0727
PA_20_EM_13_D_calibrated	4	13.69809	55.856552	9.0727
PA_20_EM_14_D_calibrated	4	13.69809	55.856552	9.0727
PA_20_EM_15_D_calibrated	4	13.69809	55.856552	9.0727
PA_20_EM_16_D_calibrated	4	13.69809	55.856552	9.0727
PA_20_EM_17_D_calibrated	4	13.69809	55.856552	9.0727
PA_20_EM_19_D_calibrated	4	13.69809	55.856552	9.0727
PA_20_EM_20_D_calibrated	4	13.69809	55.856552	9.0727
PA_21_YC_01_D_calibrated	2	15.27074	56.06078	9.64939
PA_21_YC_02_D_calibrated	2	15.27074	56.06078	9.64939
PA_21_YC_03_D_calibrated	2	15.27074	56.06078	9.64939
PA_21_YC_04_D_calibrated	2	15.27074	56.06078	9.64939
PA_21_YC_05_D_calibrated	2	15.27074	56.06078	9.64939
PA_21_YC_06_D_calibrated	2	15.27074	56.06078	9.64939
PA_21_YC_07_D_calibrated	2	15.27074	56.06078	9.64939
PA_21_YC_08_D_calibrated	2	15.27074	56.06078	9.64939
PA_21_YC_09_D_calibrated	2	15.27074	56.06078	9.64939
PA_21_YC_10_D_calibrated	2	15.27074	56.06078	9.64939
PA_21_YC_11_D_calibrated	2	15.27074	56.06078	9.64939
PA_21_YC_12_D_calibrated	2	15.27074	56.06078	9.64939
PA_21_YC_13_D_calibrated	2	15.27074	56.06078	9.64939
PA_21_YC_14_D_calibrated	2	15.27074	56.06078	9.64939
PA_21_YC_15_D_calibrated	2	15.27074	56.06078	9.64939
PA_21_YC_16_D_calibrated	2	15.27074	56.06078	9.64939
PA_21_YC_17_D_calibrated	2	15.27074	56.06078	9.64939
PA_21_YC_19_D_calibrated	2	15.27074	56.06078	9.64939
PA_21_YC_20_D_calibrated	2	15.27074	56.06078	9.64939
PA_24_Tay_01_D_calibrated	20	13.9159	56.001966	9.37445
PA_24_Tay_02_D_calibrated	20	13.9159	56.001966	9.37445
PA_24_Tay_03_D_calibrated	20	13.9159	56.001966	9.37445
PA_24_Tay_04_D_calibrated	20	13.9159	56.001966	9.37445
PA_24_Tay_05_D_calibrated	20	13.9159	56.001966	9.37445
PA_24_Tay_06_D_calibrated	20	13.9159	56.001966	9.37445
PA_24_Tay_07_D_calibrated	20	13.9159	56.001966	9.37445
PA_24_Tay_08_D_calibrated	20	13.9159	56.001966	9.37445
PA_24_Tay_09_D_calibrated	20	13.9159	56.001966	9.37445
PA_24_Tay_10_D_calibrated	20	13.9159	56.001966	9.37445
PA_24_Tay_11_D_calibrated	20	13.9159	56.001966	9.37445
PA_24_Tay_12_D_calibrated	20	13.9159	56.001966	9.37445
PA_24_Tay_13_D_calibrated	20	13.9159	56.001966	9.37445
PA_24_Tay_14_D_calibrated	20	13.9159	56.001966	9.37445
PA_24_Tay_15_D_calibrated	20	13.9159	56.001966	9.37445
PA_24_Tay_16_D_calibrated	20	13.9159	56.001966	9.37445
PA_24_Tay_17_D_calibrated	20	13.9159	56.001966	9.37445
PA_24_Tay_18_D_calibrated	20	13.9159	56.001966	9.37445
PA_24_Tay_19_D_calibrated	20	13.9159	56.001966	9.37445
PA_24_Tay_20_D_calibrated	20	13.9159	56.001966	9.37445
PA_25_AF_01_D_calibrated	6	12.9951	56.718415	7.03587
PA_25_AF_02_D_calibrated	6	12.9951	56.718415	7.03587
PA_25_AF_03_D_calibrated	6	12.9951	56.718415	7.03587
PA_25_AF_04_D_calibrated	6	12.9951	56.718415	7.03587
PA_25_AF_05_D_calibrated	6	12.9951	56.718415	7.03587
PA_25_AF_06_D_calibrated	6	12.9951	56.718415	7.03587
PA_25_AF_07_D_calibrated	6	12.9951	56.718415	7.03587
PA_25_AF_08_D_calibrated	6	12.9951	56.718415	7.03587
PA_25_AF_09_D_calibrated	6	12.9951	56.718415	7.03587
PA_25_AF_10_D_calibrated	6	12.9951	56.718415	7.03587
PA_25_AF_11_D_calibrated	6	12.9951	56.718415	7.03587
PA_25_AF_12_D_calibrated	6	12.9951	56.718415	7.03587
PA_25_AF_13_D_calibrated	6	12.9951	56.718415	7.03587
PA_25_AF_14_D_calibrated	6	12.9951	56.718415	7.03587
PA_25_AF_15_D_calibrated	6	12.9951	56.718415	7.03587
PA_25_AF_16_D_calibrated	6	12.9951	56.718415	7.03587
PA_25_AF_17_D_calibrated	6	12.9951	56.718415	7.03587
PA_25_AF_18_D_calibrated	6	12.9951	56.718415	7.03587
PA_25_AF_19_D_calibrated	6	12.9951	56.718415	7.03587
PA_25_AF_20_D_calibrated	6	12.9951	56.718415	7.03587
PA_26_RF_01_D_calibrated	20	14.39606	56.71185	9.1843
PA_26_RF_02_D_calibrated	20	14.39606	56.71185	9.1843
PA_26_RF_03_D_calibrated	20	14.39606	56.71185	9.1843
PA_26_RF_04_D_calibrated	20	14.39606	56.71185	9.1843
PA_26_RF_05_D_calibrated	20	14.39606	56.71185	9.1843
PA_26_RF_06_D_calibrated	20	14.39606	56.71185	9.1843
PA_26_RF_07_D_calibrated	20	14.39606	56.71185	9.1843
PA_27_SL_01_D_calibrated	4	12.66243	57.001156	7.16746
PA_27_SL_02_D_calibrated	4	12.66243	57.001156	7.16746
PA_27_SL_03_D_calibrated	4	12.66243	57.001156	7.16746
PA_27_SL_04_D_calibrated	4	12.66243	57.001156	7.16746
PA_27_SL_05_D_calibrated	4	12.66243	57.001156	7.16746
PA_27_SL_06_D_calibrated	4	12.66243	57.001156	7.16746
PA_27_SL_07_D_calibrated	4	12.66243	57.001156	7.16746
PA_29_CC_01_D_calibrated	4	14.02781	57.069417	8.53336
PA_29_CC_02_D_calibrated	4	14.02781	57.069417	8.53336
PA_29_CC_03_D_calibrated	4	14.02781	57.069417	8.53336
PA_29_CC_04_D_calibrated	4	14.02781	57.069417	8.53336
PA_29_CC_05_D_calibrated	4	14.02781	57.069417	8.53336
PA_29_CC_06_D_calibrated	4	14.02781	57.069417	8.53336
PA_29_CC_07_D_calibrated	4	14.02781	57.069417	8.53336
PA_29_CC_08_D_calibrated	4	14.02781	57.069417	8.53336
PA_29_CC_09_D_calibrated	4	14.02781	57.069417	8.53336
PA_29_CC_10_D_calibrated	4	14.02781	57.069417	8.53336
PA_29_CC_11_D_calibrated	4	14.02781	57.069417	8.53336
PA_29_CC_12_D_calibrated	4	14.02781	57.069417	8.53336
PA_29_CC_13_D_calibrated	4	14.02781	57.069417	8.53336
PA_29_CC_14_D_calibrated	4	14.02781	57.069417	8.53336
PA_29_CC_15_D_calibrated	4	14.02781	57.069417	8.53336
PA_29_CC_16_D_calibrated	4	14.02781	57.069417	8.53336
PA_29_CC_17_D_calibrated	4	14.02781	57.069417	8.53336
PA_29_CC_18_D_calibrated	4	14.02781	57.069417	8.53336
PA_29_CC_19_D_calibrated	4	14.02781	57.069417	8.53336
PA_29_CC_20_D_calibrated	4	14.02781	57.069417	8.53336
PA_30_CB_01_D_calibrated	15	15.06121	57.268149	9.54587
PA_30_CB_02_D_calibrated	15	15.06121	57.268149	9.54587
PA_30_CB_03_D_calibrated	15	15.06121	57.268149	9.54587
PA_30_CB_04_D_calibrated	15	15.06121	57.268149	9.54587
PA_30_CB_05_D_calibrated	15	15.06121	57.268149	9.54587
PA_30_CB_06_D_calibrated	15	15.06121	57.268149	9.54587
PA_30_CB_07_D_calibrated	15	15.06121	57.268149	9.54587
PA_30_CB_08_D_calibrated	15	15.06121	57.268149	9.54587
PA_30_CB_09_D_calibrated	15	15.06121	57.268149	9.54587
PA_30_CB_10_D_calibrated	15	15.06121	57.268149	9.54587
PA_31_Cdho_01_D_calibrated	15	13.45929	57.455318	7.83558
PA_31_Cdho_02_D_calibrated	15	13.45929	57.455318	7.83558
PA_31_Cdho_03_D_calibrated	15	13.45929	57.455318	7.83558
PA_31_Cdho_04_D_calibrated	15	13.45929	57.455318	7.83558
PA_31_Cdho_05_D_calibrated	15	13.45929	57.455318	7.83558
PA_31_Cdho_06_D_calibrated	15	13.45929	57.455318	7.83558
PA_31_Cdho_07_D_calibrated	15	13.45929	57.455318	7.83558
PA_31_Cdho_08_D_calibrated	15	13.45929	57.455318	7.83558
PA_31_Cdho_09_D_calibrated	15	13.45929	57.455318	7.83558
PA_31_Cdho_10_D_calibrated	15	13.45929	57.455318	7.83558
PA_31_Cdho_11_D_calibrated	15	13.45929	57.455318	7.83558
PA_31_Cdho_12_D_calibrated	15	13.45929	57.455318	7.83558
PA_31_Cdho_13_D_calibrated	15	13.45929	57.455318	7.83558
PA_31_Cdho_14_D_calibrated	15	13.45929	57.455318	7.83558
PA_31_Cdho_15_D_calibrated	15	13.45929	57.455318	7.83558
PA_31_Cdho_16_D_calibrated	15	13.45929	57.455318	7.83558
PA_31_Cdho_17_D_calibrated	15	13.45929	57.455318	7.83558
PA_31_Cdho_18_D_calibrated	15	13.45929	57.455318	7.83558
PA_31_Cdho_19_D_calibrated	15	13.45929	57.455318	7.83558
PA_31_Cdho_20_D_calibrated	15	13.45929	57.455318	7.83558
PA_32_MW_01_D_calibrated	9	13.98499	57.885965	8.4447
PA_32_MW_02_D_calibrated	9	13.98499	57.885965	8.4447
PA_32_MW_03_D_calibrated	9	13.98499	57.885965	8.4447
PA_32_MW_04_D_calibrated	9	13.98499	57.885965	8.4447
PA_32_MW_05_D_calibrated	9	13.98499	57.885965	8.4447
PA_32_MW_06_D_calibrated	9	13.98499	57.885965	8.4447
PA_32_MW_07_D_calibrated	9	13.98499	57.885965	8.4447
PA_32_MW_08_D_calibrated	9	13.98499	57.885965	8.4447
PA_32_MW_09_D_calibrated	9	13.98499	57.885965	8.4447
PA_32_MW_10_D_calibrated	9	13.98499	57.885965	8.4447
PA_32_MW_11_D_calibrated	9	13.98499	57.885965	8.4447
PA_32_MW_12_D_calibrated	9	13.98499	57.885965	8.4447
PA_32_MW_13_D_calibrated	9	13.98499	57.885965	8.4447
PA_32_MW_14_D_calibrated	9	13.98499	57.885965	8.4447
PA_32_MW_15_D_calibrated	9	13.98499	57.885965	8.4447
PA_32_MW_16_D_calibrated	9	13.98499	57.885965	8.4447
PA_32_MW_17_D_calibrated	9	13.98499	57.885965	8.4447
PA_32_MW_18_D_calibrated	9	13.98499	57.885965	8.4447
PA_32_MW_19_D_calibrated	9	13.98499	57.885965	8.4447
PA_32_MW_20_D_calibrated	9	13.98499	57.885965	8.4447
C19M2_D_RF_calibrated	13	16.39169	51.077106	10.19799
C19M3_D_calibrated	13	16.39169	51.077106	10.19799
C19M4_D_calibrated	13	16.39169	51.077106	10.19799
C19M5_D_calibrated	13	16.39169	51.077106	10.19799
C19M6_D_calibrated	13	16.34112	51.078009	10.15191
C19M7_D_RF_calibrated	13	16.39169	51.076207	10.19799
C19M8_D_calibrated	13	16.39169	51.076207	10.19799
C19M9_D_calibrated	13	16.39169	51.076207	10.19799
C19M10_D_calibrated	13	16.39169	51.076197	10.19799
C19M11_D_RF_calibrated	13	16.39169	51.076197	10.19799
C19M12_D_RF_calibrated	13	16.39169	51.076197	10.19799
C19M13_D_calibrated	13	16.39169	51.077106	10.19799
C19M14_D_RF_calibrated	13	16.39169	51.076197	10.19799
C19M15_D_calibrated	13	16.39169	51.0771	10.19799
C19M16_D_calibrated	13	16.39169	51.076197	10.19799
C19M17_D_calibrated	13	16.39169	51.077093	10.19799
C19M18_D_calibrated	13	16.39169	51.077093	10.19799
C19M19_D_calibrated	13	16.39169	51.077103	10.19799
C19M20_D_calibrated	13	16.39169	51.077093	10.19799
C19M21_D_RF_calibrated	17	16.16433	50.982097	10.09366
C19M22_D_calibrated	17	16.16433	50.985695	10.09366
C19M23_D_calibrated	17	16.16433	50.985695	10.09366
C19M25_D_calibrated	17	16.16433	50.982996	10.09366
C19M27_D_calibrated	21	15.88022	51.111592	9.86579
C19M28_D_calibrated	21	15.88022	51.111592	9.86579
C19M29_D_calibrated	21	15.88022	51.111593	9.86579
C19M30_D_calibrated	21	15.88022	51.111593	9.86579
C19M31_D_calibrated	21	15.88022	51.111593	9.86579
C19M32_D_calibrated	21	15.88022	51.111592	9.86579
C19M33_D_calibrated	21	15.88022	51.111592	9.86579
C19M34_D_calibrated	21	15.88022	51.112491	9.86579
C19M35_D_calibrated	21	15.80951	51.11429	9.7851
C19M36_D_calibrated	21	15.88022	51.11339	9.86579
C19M37_D_calibrated	21	15.80951	51.114289	9.7851
C19M38_D_RF_calibrated	21	15.80951	51.114289	9.7851
C19M39_D_calibrated	21	15.88022	51.11339	9.86579
C19M40_D_RF_calibrated	21	15.88022	51.11339	9.86579
ESM1_D_calibrated	10	13.09329	52.024835	10.31049
ESM2_D_calibrated	10	13.09329	52.024835	10.31049
ESM3_D_calibrated	10	13.09329	52.024835	10.31049
ESM4_D_calibrated	10	13.09329	52.024835	10.31049
ESM5_D_calibrated	10	13.09329	52.024835	10.31049
ESM6_D_calibrated	10	13.09329	52.024835	10.31049
ESM7_D_calibrated	10	13.09329	52.024835	10.31049
ESM8_D_calibrated	10	13.09329	52.025807	10.31049
ESM9_D_calibrated	10	13.09329	52.025807	10.31049
ESM10_D_calibrated	10	13.09329	52.025807	10.31049
ESM11_D_calibrated	10	13.09329	52.025807	10.31049
ESM12_D_calibrated	10	13.09329	52.025807	10.31049
ESM13_D_calibrated	10	13.09329	52.025807	10.31049
ESM14_D_calibrated	10	13.09329	52.025807	10.31049
ESM15_D_calibrated	10	13.09329	52.025807	10.31049
ESM16_D_calibrated	10	13.29759	52.026852	10.4906
ESM17_D_calibrated	10	13.29759	52.026852	10.4906
ESM18_D_calibrated	10	13.29759	52.026852	10.4906
ESM19_D_calibrated	10	13.29759	52.026852	10.4906
ESM20_D_calibrated	10	13.29759	52.026852	10.4906
ESM21_D_calibrated	10	13.12072	52.053529	10.3121
ESM22_D_calibrated	10	13.12072	52.053529	10.3121
ESM23_D_calibrated	10	13.15176	52.056259	10.32944
ESM24_D_calibrated	10	13.12072	52.053529	10.3121
ESM25_D_calibrated	10	13.12072	52.053529	10.3121
ESM26_D_calibrated	10	13.12072	52.053529	10.3121
ESM27_D_calibrated	10	13.12072	52.053529	10.3121
ESM28_D_calibrated	10	13.12072	52.053529	10.3121
ESM29_D_calibrated	10	13.12072	52.053529	10.3121
ESM30_D_calibrated	10	13.12072	52.053529	10.3121
ESM31_D_calibrated	12	13.30613	51.935411	10.52602
ESM32_D_calibrated	12	13.30613	51.935411	10.52602
ESM33_D_calibrated	12	13.30613	51.935411	10.52602
ESM34_D_calibrated	12	13.30613	51.935411	10.52602
ESM35_D_calibrated	12	13.30613	51.935411	10.52602
ESM36_D_calibrated	12	13.30613	51.935411	10.52602
ESM38_D_calibrated	12	13.30613	51.935411	10.52602
ESM39_D_calibrated	12	13.30613	51.935411	10.52602
ESM40_D_calibrated	12	13.30613	51.935411	10.52602
CCM1_D_calibrated	21	15.88017	52.924251	9.98309
CCM2_D_calibrated	21	15.88017	52.924251	9.98309
CCM3_D_calibrated	21	15.88017	52.924251	9.98309
CCM4_D_calibrated	21	15.88017	52.924251	9.98309
CCM5_D_calibrated	21	15.88017	52.924251	9.98309
CCM6_D_calibrated	21	15.88017	52.924251	9.98309
CCM7_D_calibrated	21	15.88017	52.924251	9.98309
CCM8_D_calibrated	21	15.88017	52.924251	9.98309
CCM9_D_calibrated	21	15.88017	52.924251	9.98309
CCM10_D_calibrated	21	15.88017	52.924251	9.98309
CCM11_D_calibrated	21	15.88017	52.924251	9.98309
CCM12_D_calibrated	21	15.88017	52.924251	9.98309
CCM13_D_calibrated	21	15.88017	52.924251	9.98309
CCM14_D_calibrated	21	15.88017	52.924251	9.98309
CCM15_D_calibrated	17	15.90559	52.908101	9.98411
CCM16_D_calibrated	17	15.90559	52.908101	9.98411
CCM17_D_calibrated	17	15.90559	52.908101	9.98411
CCM18_D_calibrated	17	15.90559	52.908101	9.98411
CCM19_D_calibrated	17	15.90559	52.908101	9.98411
CCM20_D_calibrated	17	15.90559	52.908101	9.98411
CCM21_D_calibrated	17	15.20243	52.789685	10.09983
CCM22_D_calibrated	17	15.20243	52.787778	10.09983
CCM23_D_calibrated	17	15.20243	52.789685	10.09983
CCM24_D_calibrated	17	15.20243	52.789685	10.09983
CCM25_D_calibrated	17	15.57121	52.788814	10.43821
CCM26_D_calibrated	17	15.57121	52.788827	10.43821
CCM27_D_calibrated	17	15.57121	52.788827	10.43821
CCM28_D_calibrated	17	15.57121	52.788827	10.43821
CCM29_D_calibrated	17	15.20243	52.789699	10.09983
CCM30_D_calibrated	17	15.20243	52.789699	10.09983
CCM31_D_calibrated	17	14.65812	52.795064	9.61067
CCM32_D_calibrated	17	14.65812	52.795064	9.61067
CCM33_D_calibrated	17	14.65812	52.795064	9.61067
CCM34_D_calibrated	17	14.65812	52.795064	9.61067
CCM35_D_calibrated	17	14.65812	52.795064	9.61067
CCM36_D_calibrated	17	14.65812	52.795064	9.61067
CCM37_D_calibrated	17	14.65812	52.795064	9.61067
CCM38_D_calibrated	17	14.65812	52.795064	9.61067
CCM39_D_calibrated	17	14.65812	52.795064	9.61067
CCM40_D_calibrated	17	14.65812	52.795064	9.61067
EN19M1_D_calibrated	6	15.79753	53.772701	10.61097
EN19M2_D_calibrated	6	15.79753	53.772701	10.61097
EN19M3_D_calibrated	6	15.79753	53.772762	10.61097
EN19M4_D_calibrated	6	15.64272	53.771086	10.50103
EN19M5_D_calibrated	6	15.79753	53.772762	10.61097
EN19M7_D_calibrated	6	15.64272	53.771086	10.50103
EN19M8_D_calibrated	6	15.64272	53.771086	10.50103
EN19M9_D_calibrated	6	15.64272	53.771086	10.50103
EN19M10_D_calibrated	6	15.64272	53.771086	10.50103
EN19M11_D_calibrated	6	15.64272	53.771086	10.50103
EN19M12_D_calibrated	6	15.64272	53.771086	10.50103
EN19M13_D_calibrated	6	15.64272	53.771086	10.50103
EN19M14_D_calibrated	6	15.79753	53.772762	10.61097
EN19M15_D_calibrated	6	15.64272	53.768451	10.50103
EN19M16_D_calibrated	6	15.64272	53.768451	10.50103
EN19M18_D_calibrated	6	15.64272	53.771086	10.50103
EN19M19_D_calibrated	6	15.64272	53.768451	10.50103
EN19M20_D_calibrated	6	15.64272	53.771086	10.50103
EN19M21_D_calibrated	6	15.76777	53.870203	9.75943
EN19M22_D_calibrated	6	15.76777	53.870203	9.75943
EN19M23_D_calibrated	6	15.76777	53.870203	9.75943
EN19M24_D_calibrated	6	15.67151	53.871033	9.66833
EN19M25_D_calibrated	6	15.62724	53.882047	9.63919
EN19M26_D_calibrated	6	15.62724	53.882047	9.63919
EN19M27_D_calibrated	6	15.62724	53.882047	9.63919
EN19M28_D_calibrated	6	15.62724	53.882047	9.63919
EN19M29_D_calibrated	6	15.66157	53.87701	9.6585
EN19M30_D_calibrated	6	15.66157	53.87701	9.6585
EN19M31_D_calibrated	6	15.67151	53.870981	9.66833
EN19M32_D_calibrated	6	15.67151	53.870981	9.66833
EN19M33_D_calibrated	6	15.67151	53.870981	9.66833
EN19M34_D_calibrated	6	15.67151	53.870981	9.66833
EN19M35_D_calibrated	6	15.67151	53.870981	9.66833
EN19M36_D_calibrated	6	15.67151	53.870981	9.66833
EN19M37_D_calibrated	6	15.67151	53.870981	9.66833
EN19M38_D_calibrated	6	15.76777	53.869322	9.75943
EN19M39_D_calibrated	6	15.76777	53.869322	9.75943
EN19M40_D_calibrated	6	15.76777	53.869322	9.75943
CNM2_D_calibrated	22	13.15936	56.518689	9.45392
CNM3_D_calibrated	22	13.15936	56.518689	9.45392
CNM4_D_calibrated	22	13.15936	56.518689	9.45392
CNM5_D_calibrated	22	13.15936	56.518689	9.45392
CNM6_D_calibrated	22	13.15936	56.518689	9.45392
CNM7_D_calibrated	22	13.15936	56.518689	9.45392
CNM8_D_calibrated	22	13.15936	56.518689	9.45392
CNM9_D_calibrated	22	13.15936	56.518689	9.45392
CNM10_D_calibrated	22	13.15936	56.518689	9.45392
CNM11_D_calibrated	22	13.15936	56.518689	9.45392
CNM12_D_calibrated	22	13.15936	56.518689	9.45392
CNM13_D_calibrated	22	13.15936	56.518689	9.45392
CNM14_D_calibrated	22	13.15936	56.518689	9.45392
CNM15_D_calibrated	22	13.15936	56.518689	9.45392
CNM16_D_calibrated	22	13.15936	56.518689	9.45392
CNM17_D_calibrated	22	13.15936	56.518689	9.45392
CNM18_D_calibrated	22	13.15936	56.518689	9.45392
CNM19_D_calibrated	22	13.15936	56.518689	9.45392
CNM20_D_calibrated	22	13.15936	56.518689	9.45392
CNM21_D_calibrated	22	12.43566	56.558704	8.4045
CNM22_D_calibrated	22	12.43566	56.558704	8.4045
CNM23_D_calibrated	22	12.43566	56.558704	8.4045
CNM24_D_calibrated	22	12.43566	56.558704	8.4045
CNM25_D_calibrated	22	12.43566	56.558704	8.4045
CNM26_D_calibrated	22	12.43566	56.558704	8.4045
CNM27_D_calibrated	22	12.43566	56.558704	8.4045
CNM28_D_calibrated	22	12.43566	56.558704	8.4045
CNM29_D_calibrated	22	12.43566	56.558704	8.4045
CNM30_D_calibrated	22	12.43566	56.558704	8.4045
CNM31_D_calibrated	22	12.43566	56.558704	8.4045
CNM32_D_calibrated	22	12.43566	56.558704	8.4045
CNM33_D_calibrated	22	14.18917	56.559644	9.41547
CNM34_D_calibrated	22	14.18917	56.559644	9.41547
CNM35_D_calibrated	22	14.18917	56.559644	9.41547
CNM36_D_calibrated	22	14.18917	56.559644	9.41547
CNM37_D_calibrated	22	14.18917	56.559644	9.41547
CNM38_D_calibrated	22	14.18917	56.559644	9.41547
CNM39_D_calibrated	22	14.18917	56.559644	9.41547
CNM40_D_calibrated	22	14.18917	56.559644	9.41547
ENM1_D_calibrated	9	13.03418	57.510557	7.99314
ENM3_D_calibrated	9	12.86106	57.495423	7.82001
ENM4_D_calibrated	9	12.86106	57.495423	7.82001
ENM5_D_calibrated	9	13.03418	57.508783	7.99314
ENM6_D_calibrated	9	13.03418	57.508783	7.99314
ENM7_D_calibrated	9	13.03418	57.508783	7.99314
ENM8_D_calibrated	9	13.03418	57.508783	7.99314
ENM9_D_calibrated	9	13.03418	57.508783	7.99314
ENM10_D_calibrated	9	13.03418	57.508783	7.99314
ENM11_D_calibrated	9	13.03418	57.508783	7.99314
ENM12_D_calibrated	9	13.03418	57.508783	7.99314
ENM13_D_calibrated	9	13.03418	57.508783	7.99314
ENM14_D_calibrated	9	13.03418	57.508783	7.99314
ENM15_D_calibrated	9	13.03418	57.508783	7.99314
ENM16_D_calibrated	9	13.03418	57.508783	7.99314
ENM17_D_calibrated	9	13.03418	57.508783	7.99314
ENM18_D_calibrated	9	13.03418	57.508783	7.99314
ENM19_D_calibrated	9	13.03418	57.508783	7.99314
ENM20_D_calibrated	9	13.03418	57.508783	7.99314
ENM21_D_calibrated	8	12.84736	57.452008	8.13964
ENM22_D_calibrated	8	12.86133	57.454773	8.15689
ENM23_D_calibrated	8	12.86133	57.454773	8.15689
ENM24_D_calibrated	8	12.8758	57.450194	8.15106
ENM25_D_calibrated	8	12.8758	57.450194	8.15106
ENM26_D_calibrated	8	12.8758	57.450194	8.15106
ENM27_D_calibrated	8	12.84736	57.451918	8.13964
ENM28_D_calibrated	8	12.84736	57.451918	8.13964
ENM29_D_calibrated	8	12.84736	57.451918	8.13964
ENM30_D_calibrated	8	12.84736	57.451918	8.13964
ENM31_D_calibrated	8	12.84736	57.451918	8.13964
ENM32_D_calibrated	8	12.84736	57.451918	8.13964
ENM33_D_calibrated	8	12.84736	57.451918	8.13964
ENM34_D_calibrated	8	12.84736	57.451918	8.13964
ENM35_D_calibrated	8	12.84736	57.451918	8.13964
ENM36_D_calibrated	8	12.84736	57.451918	8.13964
ENM37_D_calibrated	8	12.84736	57.453714	8.13964
ENM38_D_calibrated	8	12.84736	57.451918	8.13964
ENM39_D_calibrated	8	12.84736	57.451918	8.13964
ENM40_D_calibrated	8	12.84736	57.451918	8.13964
